1.54056
5   0   4.4
5.02   0   4.4
5.04   0   4.4
5.06   0   4.4
5.08   0   4.4
5.1   0   4.4
5.12   0   4.4
5.14   0   4.4
5.16   0   4.4
5.18   0   4.4
5.2   0   4.4
5.22   0   4.4
5.24   0   4.4
5.26   0   4.4
5.28   0   4.4
5.3   0   4.4
5.32   0   4.4
5.34   0   4.4
5.36   0   4.4
5.38   0   4.4
5.4   0   4.4
5.42   0   4.4
5.44   0   4.4
5.46   0   4.4
5.48   0   4.4
5.5   0   4.4
5.52   0   4.4
5.54   0   4.4
5.56   0   4.4
5.58   0   4.4
5.6   0   4.4
5.62   0   4.4
5.64   0   4.4
5.66   0   4.4
5.68   0   4.4
5.7   0   4.4
5.72   0   4.4
5.74   0   4.4
5.76   0   4.4
5.78   0   4.4
5.8   0   4.4
5.82   0   4.4
5.84   0   4.4
5.86   0   4.4
5.88   0   4.4
5.9   0   4.4
5.92   0   4.4
5.94   0   4.4
5.96   0   4.4
5.98   0   4.4
6   0   4.4
6.02   0   4.4
6.04   0   4.4
6.06   0   4.4
6.08   0   4.4
6.1   0   4.4
6.12   0   4.4
6.14   0   4.4
6.16   0   4.4
6.18   0   4.4
6.2   0   4.4
6.22   0   4.4
6.24   0   4.4
6.26   0   4.4
6.28   0   4.4
6.3   0   4.4
6.32   0   4.4
6.34   0   4.4
6.36   0   4.4
6.38   0   4.4
6.4   0   4.4
6.42   0   4.4
6.44   0   4.4
6.46   0   4.4
6.48   0   4.4
6.5   0   4.4
6.52   0   4.4
6.54   0   4.4
6.56   0   4.4
6.58   0   4.4
6.6   0   4.4
6.62   0   4.4
6.64   0   4.4
6.66   0   4.4
6.68   0   4.4
6.7   0   4.4
6.72   0   4.4
6.74   0   4.4
6.76   0   4.4
6.78   0   4.4
6.8   0   4.4
6.82   0   4.4
6.84   0   4.4
6.86   0   4.4
6.88   0   4.4
6.9   0   4.4
6.92   0   4.4
6.94   0   4.4
6.96   0   4.4
6.98   0   4.4
7   0   4.4
7.02   0   4.4
7.04   0   4.4
7.06   0   4.4
7.08   0   4.4
7.1   0   4.4
7.12   0   4.4
7.14   0   4.4
7.16   0   4.4
7.18   0   4.4
7.2   0   4.4
7.22   0   4.4
7.24   0   4.4
7.26   0   4.4
7.28   0   4.4
7.3   0   4.4
7.32   0   4.4
7.34   0   4.4
7.36   0   4.4
7.38   0   4.4
7.4   0   4.4
7.42   0   4.4
7.44   0   4.4
7.46   0   4.4
7.48   0   4.4
7.5   0   4.4
7.52   0   4.4
7.54   0   4.4
7.56   0   4.4
7.58   0   4.4
7.6   0   4.4
7.62   0   4.4
7.64   0   4.4
7.66   0   4.4
7.68   0   4.4
7.7   0   4.4
7.72   0   4.4
7.74   0   4.4
7.76   0   4.4
7.78   0   4.4
7.8   0   4.4
7.82   0   4.4
7.84   0   4.4
7.86   0   4.4
7.88   0   4.4
7.9   0   4.4
7.92   0   4.4
7.94   0   4.4
7.96   0   4.4
7.98   0   4.4
8   0   4.4
8.02   0   4.4
8.04   0   4.4
8.06   0   4.4
8.08   0   4.4
8.1   0   4.4
8.12   0   4.4
8.14   0   4.4
8.16   0   4.4
8.18   0   4.4
8.2   0   4.4
8.22   0   4.4
8.24   0   4.4
8.26   0   4.4
8.28   0   4.4
8.3   0   4.4
8.32   0   4.4
8.34   0   4.4
8.36   0   4.4
8.38   0   4.4
8.4   0   4.4
8.42   0   4.4
8.44   0   4.4
8.46   0   4.4
8.48   0   4.4
8.5   0   4.4
8.52   0   4.4
8.54   0   4.4
8.56   0   4.4
8.58   0   4.4
8.6   0   4.4
8.62   0   4.4
8.64   0   4.4
8.66   0   4.4
8.68   0   4.4
8.7   0   4.4
8.72   0   4.4
8.74   0   4.4
8.76   0   4.4
8.78   0   4.4
8.8   0   4.4
8.82   0   4.4
8.84   0   4.4
8.86   0   4.4
8.88   0   4.4
8.9   0   4.4
8.92   0   4.4
8.94   0   4.4
8.96   0   4.4
8.98   0   4.4
9   0   4.4
9.02   0   4.4
9.04   0   4.4
9.06   0   4.4
9.08   0   4.4
9.1   0   4.4
9.12   0   4.4
9.14   0   4.4
9.16   0   4.4
9.18   0   4.4
9.2   0   4.4
9.22   0   4.4
9.24   0   4.4
9.26   0   4.4
9.28   0   4.4
9.3   0   4.4
9.32   0   4.4
9.34   0   4.4
9.36   0   4.4
9.38   0.0062573   4.4
9.4   0.00643091   4.4
9.42   0.00661184   4.4
9.44   0.00680051   4.4
9.46   0.00699737   4.4
9.48   0.0072029   4.4
9.5   0.00741761   4.4
9.52   0.00764207   4.4
9.54   0.00787686   4.4
9.56   0.00812264   4.4
9.58   0.0083801   4.4
9.6   0.00864998   4.4
9.62   0.00893312   4.4
9.64   0.00923037   4.4
9.66   0.00954271   4.4
9.68   0.00987116   4.4
9.7   0.0102168   4.4
9.72   0.010581   4.4
9.74   0.010965   4.4
9.76   0.0113702   4.4
9.78   0.0117983   4.4
9.8   0.0122511   4.4
9.82   0.0127304   4.4
9.84   0.0132383   4.4
9.86   0.0137773   4.4
9.88   0.0143498   4.4
9.9   0.0149587   4.4
9.92   0.0156071   4.4
9.94   0.0162986   4.4
9.96   0.0170371   4.4
9.98   0.020464   4.4
10   0.0213839   4.4
10.02   0.0223686   4.4
10.04   0.0234243   4.4
10.06   0.0245582   4.4
10.08   0.0257783   4.4
10.1   0.0270936   4.4
10.12   0.0285144   4.4
10.14   0.0300525   4.4
10.16   0.0317213   4.4
10.18   0.0335362   4.4
10.2   0.0355151   4.4
10.22   0.0376785   4.4
10.24   0.0400505   4.4
10.26   0.0426589   4.4
10.28   0.0455367   4.4
10.3   0.0487227   4.4
10.32   0.0522631   4.4
10.34   0.056213   4.4
10.36   0.0606386   4.4
10.38   0.0656203   4.4
10.4   0.0712562   4.4
10.42   0.077667   4.4
10.44   0.0850026   4.4
10.46   0.0934508   4.4
10.48   0.10325   4.4
10.5   0.114706   4.4
10.52   0.128214   4.4
10.54   0.144296   4.4
10.56   0.163651   4.4
10.58   0.187226   4.4
10.6   0.216336   4.4
10.62   0.252843   4.4
10.64   0.299447   4.4
10.66   0.3602   4.4
10.68   0.4415   4.4
10.7   0.554353   4.4
10.72   0.719715   4.4
10.74   0.9794   4.4
10.76   1.41151   4.4
10.78   2.13802   4.4
10.8   3.29547   4.4
10.82   4.88981   4.4
10.84   6.33457   4.4
10.86   6.33076   4.4
10.88   4.88409   4.4
10.9   3.29364   4.4
10.92   2.1411   4.4
10.94   1.41902   4.4
10.96   0.990742   4.4
10.98   0.734558   4.4
11   0.572648   4.4
11.02   0.463411   4.4
11.04   0.386047   4.4
11.06   0.329684   4.4
11.08   0.288064   4.4
11.1   0.257303   4.4
11.12   0.234914   4.4
11.14   0.219315   4.4
11.16   0.209566   4.4
11.18   0.205237   4.4
11.2   0.206356   4.4
11.22   0.21345   4.4
11.24   0.227684   4.4
11.26   0.251196   4.4
11.28   0.287881   4.4
11.3   0.34531   4.4
11.32   0.438805   4.4
11.34   0.597679   4.4
11.36   0.869445   4.4
11.38   1.31134   4.4
11.4   1.94239   4.4
11.42   2.57666   4.4
11.44   2.69044   4.4
11.46   2.1494   4.4
11.48   1.47494   4.4
11.5   0.966523   4.4
11.52   0.64227   4.4
11.54   0.448172   4.4
11.56   0.331692   4.4
11.58   0.257916   4.4
11.6   0.207768   4.4
11.62   0.171661   4.4
11.64   0.144621   4.4
11.66   0.123799   4.4
11.68   0.107408   4.4
11.7   0.0942609   4.4
11.72   0.0835438   4.4
11.74   0.0746824   4.4
11.76   0.0672626   4.4
11.78   0.0609802   4.4
11.8   0.0556078   4.4
11.82   0.0509722   4.4
11.84   0.0469403   4.4
11.86   0.043408   4.4
11.88   0.0402927   4.4
11.9   0.0375289   4.4
11.92   0.0350635   4.4
11.94   0.032853   4.4
11.96   0.0308622   4.4
11.98   0.0290614   4.4
12   0.0274262   4.4
12.02   0.0259359   4.4
12.04   0.0245731   4.4
12.06   0.023323   4.4
12.08   0.0221729   4.4
12.1   0.0211119   4.4
12.12   0.0201307   4.4
12.14   0.019221   4.4
12.16   0.0183758   4.4
12.18   0.0175887   4.4
12.2   0.0168544   4.4
12.22   0.016168   4.4
12.24   0.0155252   4.4
12.26   0.0149223   4.4
12.28   0.0143559   4.4
12.3   0.0138229   4.4
12.32   0.0133208   4.4
12.34   0.00675715   4.4
12.36   0.368469   4.4
12.38   0.378413   4.4
12.4   0.388812   4.4
12.42   0.39969   4.4
12.44   0.411073   4.4
12.46   0.422989   4.4
12.48   0.435469   4.4
12.5   0.448546   4.4
12.52   0.462255   4.4
12.54   0.476636   4.4
12.56   0.491731   4.4
12.58   0.507585   4.4
12.6   0.524248   4.4
12.62   0.541774   4.4
12.64   0.560221   4.4
12.66   0.579652   4.4
12.68   0.600139   4.4
12.7   0.621756   4.4
12.72   0.644586   4.4
12.74   0.66872   4.4
12.76   0.694259   4.4
12.78   0.721311   4.4
12.8   0.902278   4.4
12.82   0.936955   4.4
12.84   0.973723   4.4
12.86   1.01275   4.4
12.88   1.05424   4.4
12.9   1.09839   4.4
12.92   1.14293   4.4
12.94   1.19322   4.4
12.96   1.24695   4.4
12.98   1.30447   4.4
13   1.36614   4.4
13.02   1.43238   4.4
13.04   1.50364   4.4
13.06   1.58046   4.4
13.08   1.66345   4.4
13.1   1.75328   4.4
13.12   1.85075   4.4
13.14   1.95674   4.4
13.16   2.07232   4.4
13.18   2.19867   4.4
13.2   2.33719   4.4
13.22   2.48954   4.4
13.24   2.65762   4.4
13.26   2.84371   4.4
13.28   3.05052   4.4
13.3   3.28128   4.4
13.32   3.53987   4.4
13.34   3.83101   4.4
13.36   4.16047   4.4
13.38   4.53534   4.4
13.4   8.18201   4.4
13.42   8.76666   4.4
13.44   9.43457   4.4
13.46   10.204   4.4
13.48   11.0989   4.4
13.5   12.1503   4.4
13.52   13.4003   4.4
13.54   14.9059   4.4
13.56   16.7464   4.4
13.58   19.0345   4.4
13.6   21.9346   4.68344
13.62   25.6949   5.06901
13.64   30.7129   5.54192
13.66   37.6867   6.13895
13.68   47.9667   6.9258
13.7   64.2376   8.01484
13.72   91.3755   9.55905
13.74   136.619   11.6884
13.76   207.159   14.393
13.78   299.398   17.3031
13.8   369.823   19.2308
13.82   349.052   18.6829
13.84   261.343   16.1661
13.86   176.677   13.292
13.88   117.965   10.8612
13.9   81.9831   9.05445
13.92   60.9341   7.80603
13.94   48.483   6.96298
13.96   40.7654   6.38478
13.98   35.7721   5.98098
14   32.5107   5.70182
14.02   30.4707   5.52003
14.04   29.3765   5.42001
14.06   29.0892   5.39344
14.08   29.5708   5.4379
14.1   30.8831   5.55725
14.12   33.2268   5.76427
14.14   37.0604   6.08772
14.16   43.3561   6.58454
14.18   53.9721   7.34657
14.2   71.8441   8.47609
14.22   100.304   10.0152
14.24   139.655   11.8176
14.26   176.111   13.2707
14.28   178.056   13.3438
14.3   144.461   12.0192
14.32   106.959   10.3421
14.34   80.2361   8.95746
14.36   64.3009   8.01878
14.38   55.8747   7.47493
14.4   52.0154   7.21217
14.42   50.8582   7.13149
14.44   51.442   7.17231
14.46   53.3378   7.30327
14.48   56.3858   7.50905
14.5   60.5715   7.78277
14.52   65.9803   8.12283
14.54   72.7891   8.53165
14.56   81.2764   9.01534
14.58   91.8491   9.5838
14.6   105.09   10.2514
14.62   121.837   11.038
14.64   143.307   11.9711
14.66   171.32   13.0889
14.68   208.714   14.4469
14.7   260.254   16.1324
14.72   334.803   18.2976
14.74   450.008   21.2134
14.76   639.794   25.2941
14.78   960.222   30.9874
14.8   1481.6   38.4915
14.82   2237.83   47.3057
14.84   3041.62   55.1509
14.86   3275.37   57.2309
14.88   2672.28   51.6941
14.9   1840.97   42.9065
14.92   1196.68   34.5931
14.94   781.985   27.964
14.96   533.63   23.1004
14.98   385.688   19.6389
15   293.172   17.1223
15.02   231.138   15.2032
15.04   187.02   13.6755
15.06   154.353   12.4239
15.08   129.474   11.3787
15.1   110.109   10.4933
15.12   94.7544   9.73419
15.14   82.3849   9.07661
15.16   72.2792   8.50172
15.18   63.9204   7.99502
15.2   59.491   7.71304
15.22   53.6582   7.32517
15.24   48.7016   6.97865
15.26   44.4579   6.66768
15.28   40.4519   6.36018
15.3   37.2895   6.10651
15.32   34.5335   5.87652
15.34   32.1205   5.6675
15.36   29.999   5.47713
15.38   28.127   5.30349
15.4   26.47   5.1449
15.42   24.9996   4.99996
15.44   23.692   4.86745
15.46   22.5275   4.74631
15.48   21.4893   4.63565
15.5   20.5633   4.53468
15.52   19.7377   4.44271
15.54   19.0023   4.4
15.56   18.3486   4.4
15.58   17.7691   4.4
15.6   17.2719   4.4
15.62   16.8238   4.4
15.64   16.434   4.4
15.66   16.0989   4.4
15.68   15.8154   4.4
15.7   15.6765   4.4
15.72   15.4916   4.4
15.74   15.3523   4.4
15.76   15.1091   4.4
15.78   15.062   4.4
15.8   15.0583   4.4
15.82   15.0983   4.4
15.84   15.1827   4.4
15.86   15.3124   4.4
15.88   15.489   4.4
15.9   15.7146   4.4
15.92   15.9916   4.4
15.94   16.3234   4.4
15.96   16.7138   4.4
15.98   17.1674   4.4
16   17.6897   4.4
16.02   18.2874   4.4
16.04   18.9681   4.4
16.06   19.7412   4.44311
16.08   20.6176   4.54066
16.1   21.6102   4.64868
16.12   22.7347   4.76809
16.14   24.0095   4.89995
16.16   25.457   5.04549
16.18   27.1042   5.20617
16.2   28.9841   5.38368
16.22   31.1369   5.58004
16.24   33.6124   5.79762
16.26   36.4728   6.03927
16.28   39.7959   6.3084
16.3   43.6809   6.60915
16.32   45.0804   6.7142
16.34   50.5946   7.11299
16.36   57.179   7.56168
16.38   65.127   8.07013
16.4   74.8381   8.6509
16.42   86.8674   9.32027
16.44   102.003   10.0997
16.46   121.393   11.0178
16.48   146.765   12.1146
16.5   180.869   13.4488
16.52   228.49   15.1159
16.54   298.815   17.2863
16.56   410.16   20.2524
16.58   596.269   24.4186
16.6   908.524   30.1417
16.62   1401.25   37.4333
16.64   2063.25   45.423
16.66   2615.66   51.1435
16.68   2534.88   50.3476
16.7   1914.39   43.7537
16.72   1278.9   35.7617
16.74   828.422   28.7823
16.76   548.478   23.4196
16.78   382.477   19.557
16.8   282.456   16.8064
16.82   218.463   14.7805
16.84   174.684   13.2168
16.86   143.201   11.9666
16.88   119.831   10.9467
16.9   102.136   10.1063
16.92   88.5955   9.41252
16.94   78.2431   8.84551
16.96   70.5097   8.39701
16.98   65.1607   8.07222
17   62.286   7.89215
17.02   62.2895   7.89237
17.04   65.7278   8.10727
17.06   72.4924   8.51425
17.08   81.4883   9.02709
17.1   94.3913   9.71552
17.12   112.715   10.6167
17.14   125.393   11.1979
17.16   114.656   10.7077
17.18   88.3233   9.39805
17.2   64.1039   8.00649
17.22   47.1552   6.86696
17.24   36.3333   6.02772
17.26   29.5111   5.43242
17.28   25.0118   5.00118
17.3   22.034   4.69404
17.32   19.6222   4.42969
17.34   17.711   4.4
17.36   16.1491   4.4
17.38   14.8436   4.4
17.4   13.733   4.4
17.42   12.7745   4.4
17.44   11.9372   4.4
17.46   11.1987   4.4
17.48   10.5417   4.4
17.5   9.95328   4.4
17.52   9.42302   4.4
17.54   8.94274   4.4
17.56   8.50581   4.4
17.58   8.10681   4.4
17.6   7.74126   4.4
17.62   7.4054   4.4
17.64   7.09608   4.4
17.66   6.8106   4.4
17.68   6.54668   4.4
17.7   6.30234   4.4
17.72   6.07588   4.4
17.74   5.86581   4.4
17.76   5.67085   4.4
17.78   5.4899   4.4
17.8   5.32196   4.4
17.82   5.1662   4.4
17.84   5.02188   4.4
17.86   4.88837   4.4
17.88   4.76512   4.4
17.9   4.65168   4.4
17.92   4.54767   4.4
17.94   4.45279   4.4
17.96   4.3668   4.4
17.98   4.28955   4.4
18   4.22095   4.4
18.02   4.16099   4.4
18.04   4.10975   4.4
18.06   4.06737   4.4
18.08   4.03411   4.4
18.1   4.01031   4.4
18.12   3.99643   4.4
18.14   3.99308   4.4
18.16   1.52255   4.4
18.18   1.60778   4.4
18.2   1.70389   4.4
18.22   1.81243   4.4
18.24   1.9353   4.4
18.26   2.07478   4.4
18.28   2.23366   4.4
18.3   2.41536   4.4
18.32   2.62412   4.4
18.34   2.86523   4.4
18.36   3.14537   4.4
18.38   3.47303   4.4
18.4   3.85917   4.4
18.42   4.3181   4.4
18.44   4.86877   4.4
18.46   5.53666   4.4
18.48   6.3567   4.4
18.5   7.37762   4.4
18.52   8.66907   4.4
18.54   10.3332   4.4
18.56   12.5118   4.4
18.58   15.4849   4.4
18.6   19.6885   4.43717
18.62   25.9113   5.09031
18.64   36.08   6.00667
18.66   53.1908   7.2932
18.68   81.6499   9.03603
18.7   125.356   11.1963
18.72   180.027   13.4174
18.74   215.393   14.6763
18.76   194.483   13.9457
18.78   140.802   11.866
18.8   93.0255   9.64497
18.82   60.4148   7.7727
18.84   40.505   6.36436
18.86   28.714   5.35854
18.88   21.5184   4.6388
18.9   16.8281   4.4
18.92   13.5651   4.4
18.94   11.1863   4.4
18.96   9.39657   4.4
18.98   8.01834   4.4
19   6.93674   4.4
19.02   6.0742   4.4
19.04   5.3768   4.4
19.06   4.80619   4.4
19.08   4.33452   4.4
19.1   3.94123   4.4
19.12   3.61085   4.4
19.14   4.15964   4.4
19.16   3.94569   4.4
19.18   3.76769   4.4
19.2   3.6201   4.4
19.22   3.49854   4.4
19.24   3.39951   4.4
19.26   3.32021   4.4
19.28   3.25838   4.4
19.3   3.21223   4.4
19.32   3.1803   4.4
19.34   3.16143   4.4
19.36   3.15473   4.4
19.38   3.15949   4.4
19.4   3.17521   4.4
19.42   3.20152   4.4
19.44   3.23824   4.4
19.46   3.28527   4.4
19.48   3.34267   4.4
19.5   3.41062   4.4
19.52   3.48941   4.4
19.54   3.57948   4.4
19.56   3.68138   4.4
19.58   3.79581   4.4
19.6   3.92363   4.4
19.62   4.06587   4.4
19.64   4.22377   4.4
19.66   4.39879   4.4
19.68   4.59266   4.4
19.7   4.80741   4.4
19.72   5.04548   4.4
19.74   5.30971   4.4
19.76   5.60352   4.4
19.78   5.93099   4.4
19.8   6.29702   4.4
19.82   6.70754   4.4
19.84   7.16978   4.4
19.86   7.69262   4.4
19.88   8.28709   4.4
19.9   8.967   4.4
19.92   9.74987   4.4
19.94   10.6582   4.4
19.96   11.7212   4.4
19.98   12.9777   4.4
20   14.4796   4.4
20.02   16.2986   4.4
20.04   18.5349   4.4
20.06   21.3326   4.61872
20.08   24.9064   4.99063
20.1   29.5921   5.43986
20.12   35.9626   5.99688
20.14   45.1003   6.71568
20.16   59.1563   7.69131
20.18   82.1473   9.06352
20.2   120.364   10.9711
20.22   180.707   13.4427
20.24   264.179   16.2536
20.26   341.081   18.4684
20.28   344.374   18.5573
20.3   272.627   16.5114
20.32   193.049   13.8942
20.34   136.615   11.6882
20.36   103.47   10.172
20.38   86.7938   9.31632
20.4   80.8087   8.98937
20.42   82.2218   9.06762
20.44   90.1553   9.49502
20.46   105.957   10.2935
20.48   133.915   11.5722
20.5   182.946   13.5258
20.52   267.795   16.3644
20.54   406.317   20.1573
20.56   604.378   24.5841
20.58   803.421   28.3447
20.6   838.917   28.9641
20.62   668.978   25.8646
20.64   457.365   21.3861
20.66   297.948   17.2612
20.68   196.358   14.0128
20.7   135.62   11.6456
20.72   99.241   9.96198
20.74   76.261   8.73275
20.76   60.6929   7.79057
20.78   49.528   7.03762
20.8   41.2047   6.41909
20.82   34.8279   5.90152
20.84   29.8366   5.46229
20.86   25.8582   5.0851
20.88   22.6372   4.75786
20.9   19.9933   4.47139
20.92   17.7968   4.4
20.94   15.9522   4.4
20.96   14.3885   4.4
20.98   13.0515   4.4
21   11.8998   4.4
21.02   10.9008   4.4
21.04   10.029   4.4
21.06   9.26415   4.4
21.08   8.58975   4.4
21.1   7.99258   4.4
21.12   7.4618   4.4
21.14   6.98849   4.4
21.16   6.56529   4.4
21.18   6.18607   4.4
21.2   5.84575   4.4
21.22   5.54009   4.4
21.24   5.26555   4.4
21.26   5.02636   4.4
21.28   4.80603   4.4
21.3   4.60959   4.4
21.32   4.43554   4.4
21.34   4.2828   4.4
21.36   4.15068   4.4
21.38   4.03893   4.4
21.4   3.94772   4.4
21.42   3.87779   4.4
21.44   3.83046   4.4
21.46   3.80787   4.4
21.48   3.81316   4.4
21.5   3.85085   4.4
21.52   3.92736   4.4
21.54   13.9837   4.4
21.56   14.4501   4.4
21.58   15.0086   4.4
21.6   15.6882   4.4
21.62   16.5335   4.4
21.64   17.6179   4.4
21.66   19.0752   4.4
21.68   21.1693   4.60101
21.7   24.415   4.94116
21.72   29.693   5.44913
21.74   38.1805   6.17904
21.76   50.3822   7.09805
21.78   64.8342   8.05197
21.8   71.8192   8.47462
21.82   64.1049   8.00656
21.84   50.468   7.10408
21.86   39.3749   6.27494
21.88   32.2921   5.68261
21.9   28.2772   5.31763
21.92   26.1767   5.11631
21.94   25.1626   5.01624
21.96   24.764   4.97635
21.98   24.7432   4.97425
22   25.0318   5.00318
22.02   25.4688   5.04667
22.04   26.0609   5.10498
22.06   26.7882   5.17573
22.08   26.8472   5.18143
22.1   27.8333   5.27573
22.12   28.9319   5.37884
22.14   30.144   5.49035
22.16   31.4733   5.6101
22.18   32.9258   5.7381
22.2   34.5099   5.87452
22.22   36.2359   6.01963
22.24   38.1163   6.17384
22.26   40.1661   6.33767
22.28   42.4028   6.51174
22.3   44.8468   6.69678
22.32   47.5222   6.89364
22.34   50.4569   7.10331
22.36   53.6837   7.32691
22.38   57.2408   7.56576
22.4   61.1735   7.82135
22.42   65.5353   8.09539
22.44   70.3898   8.38986
22.46   75.8131   8.70707
22.48   81.8971   9.0497
22.5   88.7888   9.42278
22.52   96.5549   9.82623
22.54   105.4   10.2664
22.56   115.538   10.7488
22.58   127.247   11.2804
22.6   140.902   11.8702
22.62   157.004   12.5301
22.64   176.216   13.2746
22.66   199.338   14.1187
22.68   227.101   15.0699
22.7   259.663   16.1141
22.72   297.469   17.2473
22.74   343.656   18.538
22.76   402.759   20.0689
22.78   479.909   21.9068
22.8   582.364   24.1322
22.82   721.945   26.869
22.84   920.006   30.3316
22.86   1218.6   34.9084
22.88   1700.75   41.2401
22.9   2512.82   50.128
22.92   3860.76   62.135
22.94   5919.2   76.9363
22.96   8454.74   91.9497
22.98   10000   100
23   8916.39   94.4267
23.02   6411.76   80.0735
23.04   4213.05   64.908
23.06   2732.5   52.2733
23.08   1831.01   42.7903
23.1   1296.89   36.0123
23.12   969.977   31.1444
23.14   756.08   27.4969
23.16   606.797   24.6332
23.18   497.705   22.3093
23.2   415.476   20.3832
23.22   352.07   18.7635
23.24   302.285   17.3863
23.26   262.573   16.2041
23.28   230.648   15.1871
23.3   204.823   14.3116
23.32   184.06   13.5669
23.34   167.882   12.9569
23.36   156.381   12.5052
23.38   150.114   12.2521
23.4   149.495   12.2268
23.42   152.532   12.3504
23.44   150.681   12.2752
23.46   136.478   11.6824
23.48   116.799   10.8074
23.5   99.3424   9.96707
23.52   86.0467   9.27614
23.54   76.4277   8.7423
23.56   69.1445   8.31532
23.58   63.4182   7.96356
23.6   58.6975   7.66143
23.62   54.6757   7.3943
23.64   51.1814   7.15412
23.66   48.1113   6.93623
23.68   45.398   6.73781
23.7   42.9958   6.55712
23.72   40.8748   6.39334
23.74   39.0188   6.24651
23.76   37.4262   6.1177
23.78   36.1144   6.00953
23.8   35.1338   5.92737
23.82   34.6013   5.88228
23.84   34.7666   5.89632
23.86   36.0959   6.00799
23.88   39.2887   6.26807
23.9   45.0424   6.71136
23.92   53.0041   7.28039
23.94   58.9178   7.67579
23.96   55.9642   7.48092
23.98   46.48   6.81763
24   37.3307   6.10989
24.02   30.7727   5.54731
24.04   26.4896   5.14681
24.06   23.7134   4.86964
24.08   21.8188   4.67106
24.1   20.4229   4.51917
24.12   19.3254   4.4
24.14   18.4257   4.4
24.16   17.6639   4.4
24.18   17.0246   4.4
24.2   16.4853   4.4
24.22   16.0421   4.4
24.24   15.7007   4.4
24.26   15.4721   4.4
24.28   15.3551   4.4
24.3   15.2869   4.4
24.32   15.1474   4.4
24.34   14.9742   4.4
24.36   14.9695   4.4
24.38   15.1469   4.4
24.4   15.6271   4.4
24.42   16.5579   4.4
24.44   8.53467   4.4
24.46   11.8375   4.4
24.48   17.3851   4.4
24.5   26.1404   5.11277
24.52   37.9175   6.15772
24.54   47.8097   6.91445
24.56   46.5262   6.82101
24.58   35.6471   5.97052
24.6   24.4841   4.94814
24.62   16.6172   4.4
24.64   11.803   4.4
24.66   9.04438   4.4
24.68   7.49649   4.4
24.7   6.63616   4.4
24.72   6.19443   4.4
24.74   6.04742   4.4
24.76   6.14416   4.4
24.78   6.47456   4.4
24.8   7.05972   4.4
24.82   7.95453   4.4
24.84   9.26222   4.4
24.86   11.173   4.4
24.88   14.0594   4.4
24.9   18.6235   4.4
24.92   26.3787   5.13602
24.94   39.4963   6.28461
24.96   60.4914   7.77762
24.98   89.5992   9.46569
25   116.419   10.7897
25.02   117.08   10.8204
25.04   90.7772   9.52771
25.06   61.3707   7.83395
25.08   39.936   6.31949
25.1   26.4609   5.14402
25.12   18.4445   4.4
25.14   13.6324   4.4
25.16   10.5796   4.4
25.18   8.4991   4.4
25.2   7.00556   4.4
25.22   5.89468   4.4
25.24   5.04797   4.4
25.26   4.39062   4.4
25.28   3.8729   4.4
25.3   3.46076   4.4
25.32   3.13032   4.4
25.34   2.86461   4.4
25.36   2.65145   4.4
25.38   2.48206   4.4
25.4   2.35023   4.4
25.42   2.21757   4.4
25.44   2.15071   4.4
25.46   2.11341   4.4
25.48   2.10596   4.4
25.5   2.13022   4.4
25.52   2.18989   4.4
25.54   2.29107   4.4
25.56   2.44315   4.4
25.58   2.6604   4.4
25.6   2.96452   4.4
25.62   3.38953   4.4
25.64   3.99217   4.4
25.66   4.87669   4.4
25.68   6.24988   4.4
25.7   8.51526   4.4
25.72   12.3621   4.4
25.74   18.7089   4.4
25.76   28.1841   5.30887
25.78   39.1036   6.25329
25.8   44.0992   6.64072
25.82   37.7163   6.14136
25.84   26.778   5.17475
25.86   17.6988   4.4
25.88   11.661   4.4
25.9   7.99123   4.4
25.92   5.80257   4.4
25.94   4.44562   4.4
25.96   3.54564   4.4
25.98   2.91045   4.4
26   2.44189   4.4
26.02   2.08553   4.4
26.04   1.76424   4.4
26.06   1.54542   4.4
26.08   1.36926   4.4
26.1   1.22552   4.4
26.12   1.10691   4.4
26.14   1.00813   4.4
26.16   0.925269   4.4
26.18   0.855419   4.4
26.2   0.796393   4.4
26.22   0.746552   4.4
26.24   0.70468   4.4
26.26   0.669906   4.4
26.28   0.641656   4.4
26.3   0.619632   4.4
26.32   0.603817   4.4
26.34   0.594515   4.4
26.36   0.595128   4.4
26.38   0.601594   4.4
26.4   0.618602   4.4
26.42   0.649517   4.4
26.44   0.700066   4.4
26.46   0.780841   4.4
26.48   0.912952   4.4
26.5   1.02589   4.4
26.52   1.51596   4.4
26.54   2.33059   4.4
26.56   3.32557   4.4
26.58   4.49839   4.4
26.6   5.09257   4.4
26.62   4.45933   4.4
26.64   3.28849   4.4
26.66   2.31166   4.4
26.68   1.66788   4.4
26.7   1.28181   4.4
26.72   1.05664   4.4
26.74   0.921932   4.4
26.76   0.837172   4.4
26.78   0.793829   4.4
26.8   0.757717   4.4
26.82   0.734876   4.4
26.84   0.721893   4.4
26.86   0.716614   4.4
26.88   0.717665   4.4
26.9   0.724197   4.4
26.92   0.735736   4.4
26.94   0.752113   4.4
26.96   0.773426   4.4
26.98   0.800052   4.4
27   0.83269   4.4
27.02   0.872469   4.4
27.04   0.921122   4.4
27.06   0.981334   4.4
27.08   1.05742   4.4
27.1   1.15695   4.4
27.12   1.29446   4.4
27.14   1.49881   4.4
27.16   1.82268   4.4
27.18   2.34503   4.4
27.2   3.14646   4.4
27.22   4.19738   4.4
27.24   5.04357   4.4
27.26   4.86772   4.4
27.28   3.97086   4.4
27.3   3.09758   4.4
27.32   2.50633   4.4
27.34   2.17455   4.4
27.36   2.01739   4.4
27.38   1.96504   4.4
27.4   1.97501   4.4
27.42   2.02578   4.4
27.44   2.10754   4.4
27.46   2.21616   4.4
27.48   2.35042   4.4
27.5   2.51094   4.4
27.52   2.69973   4.4
27.54   2.92014   4.4
27.56   3.17689   4.4
27.58   3.47635   4.4
27.6   3.82694   4.4
27.62   4.23976   4.4
27.64   4.72964   4.4
27.66   5.31682   4.4
27.68   6.03007   4.4
27.7   7.20311   4.4
27.72   8.32964   4.4
27.74   9.7936   4.4
27.76   11.7337   4.4
27.78   14.3033   4.4
27.8   17.5569   4.4
27.82   21.2917   4.6143
27.84   25.7006   5.06957
27.86   32.2289   5.67705
27.88   43.186   6.57161
27.9   62.0412   7.87662
27.92   93.7066   9.68022
27.94   142.723   11.9467
27.96   205.166   14.3236
27.98   252.011   15.8749
28   242.636   15.5768
28.02   185.721   13.6279
28.04   125.531   11.2041
28.06   82.1764   9.06512
28.08   55.1168   7.42407
28.1   39.1534   6.25727
28.12   29.7929   5.45828
28.14   24.2732   4.92679
28.16   21.2592   4.61077
28.18   20.2271   4.49746
28.2   20.8401   4.56509
28.22   21.9748   4.68773
28.24   21.0713   4.59035
28.26   17.4905   4.4
28.28   13.5598   4.4
28.3   10.5626   4.4
28.32   8.53227   4.4
28.34   7.19383   4.4
28.36   6.28895   4.4
28.38   5.7614   4.4
28.4   5.3707   4.4
28.42   5.00885   4.4
28.44   4.73087   4.4
28.46   4.51932   4.4
28.48   4.36297   4.4
28.5   4.25464   4.4
28.52   4.18996   4.4
28.54   4.16712   4.4
28.56   4.18667   4.4
28.58   4.25189   4.4
28.6   4.36994   4.4
28.62   4.55471   4.4
28.64   4.83376   4.4
28.66   5.26221   4.4
28.68   5.94175   4.4
28.7   7.02787   4.4
28.72   8.68427   4.4
28.74   10.9001   4.4
28.76   12.8707   4.4
28.78   13.0296   4.4
28.8   11.6054   4.4
28.82   10.1891   4.4
28.84   9.4227   4.4
28.86   9.29455   4.4
28.88   9.66845   4.4
28.9   10.4444   4.4
28.92   11.5936   4.4
28.94   13.1562   4.4
28.96   15.2368   4.4
28.98   18.0159   4.4
29   21.7931   4.66831
29.02   27.0959   5.20537
29.04   34.9408   5.91107
29.06   47.3589   6.88178
29.08   68.1124   8.25302
29.1   102.978   10.1478
29.12   158.185   12.5772
29.14   232.986   15.2639
29.16   297.178   17.2389
29.18   290.903   17.0559
29.2   221.462   14.8816
29.22   148.78   12.1975
29.24   96.9132   9.84445
29.26   64.6124   8.03818
29.28   45.4712   6.74323
29.3   33.984   5.82958
29.32   26.6808   5.16534
29.34   21.9598   4.68613
29.36   18.4353   4.4
29.38   15.8525   4.4
29.4   13.9291   4.4
29.42   12.4875   4.4
29.44   11.3147   4.4
29.46   10.5291   4.4
29.48   9.82931   4.4
29.5   9.48879   4.4
29.52   9.33471   4.4
29.54   9.36164   4.4
29.56   9.57611   4.4
29.58   9.99783   4.4
29.6   10.6628   4.4
29.62   11.6295   4.4
29.64   12.9895   4.4
29.66   15.1138   4.4
29.68   17.7977   4.4
29.7   21.6995   4.65827
29.72   27.6664   5.25989
29.74   37.4915   6.12303
29.76   53.8891   7.34092
29.78   81.0008   9.00005
29.8   122.059   11.048
29.82   171.663   13.102
29.84   202.683   14.2367
29.86   187.501   13.6931
29.88   140.918   11.8709
29.9   95.0605   9.7499
29.92   62.6534   7.91539
29.94   42.4945   6.51878
29.96   30.4664   5.51963
29.98   23.1451   4.81093
30   18.4148   4.4
30.02   15.1585   4.4
30.04   12.8082   4.4
30.06   11.0575   4.4
30.08   9.72508   4.4
30.1   8.69472   4.4
30.12   7.88881   4.4
30.14   7.2539   4.4
30.16   6.75238   4.4
30.18   6.35735   4.4
30.2   6.04931   4.4
30.22   5.81402   4.4
30.24   5.64113   4.4
30.26   5.51575   4.4
30.28   5.44773   4.4
30.3   5.4261   4.4
30.32   5.79624   4.4
30.34   5.8732   4.4
30.36   5.99585   4.4
30.38   6.16665   4.4
30.4   6.38962   4.4
30.42   6.6706   4.4
30.44   7.01763   4.4
30.46   7.44157   4.4
30.48   7.95691   4.4
30.5   8.58308   4.4
30.52   9.34631   4.4
30.54   10.2823   4.4
30.56   11.4408   4.4
30.58   12.8917   4.4
30.6   14.7365   4.4
30.62   17.1267   4.4
30.64   20.2997   4.50552
30.66   24.3789   4.9375
30.68   30.7004   5.5408
30.7   40.4989   6.36388
30.72   56.6389   7.52588
30.74   83.6524   9.14617
30.76   126.763   11.2589
30.78   186.832   13.6686
30.8   243.673   15.61
30.82   248.315   15.758
30.84   196.234   14.0084
30.86   136.427   11.6802
30.88   92.9808   9.64266
30.9   66.3657   8.14651
30.92   51.5869   7.18241
30.94   44.1178   6.64213
30.96   41.1718   6.41653
30.98   41.5433   6.44541
31   45.2255   6.72499
31.02   53.3945   7.30715
31.04   68.7719   8.29288
31.06   95.8239   9.78897
31.08   139.685   11.8188
31.1   200.84   14.1718
31.12   258.298   16.0717
31.14   267.104   16.3433
31.16   231.845   15.2265
31.18   198.872   14.1022
31.2   177.724   13.3313
31.22   148.561   12.1886
31.24   110.215   10.4984
31.26   77.6243   8.81046
31.28   55.2509   7.43309
31.3   40.9333   6.39791
31.32   31.9959   5.6565
31.34   26.3461   5.13285
31.36   22.5782   4.75165
31.38   19.9766   4.46952
31.4   18.1655   4.4
31.42   16.9383   4.4
31.44   16.1757   4.4
31.46   15.8109   4.4
31.48   15.8135   4.4
31.5   16.1841   4.4
31.52   16.9511   4.4
31.54   18.1792   4.4
31.56   19.9775   4.46962
31.58   22.5211   4.74565
31.6   26.092   5.10803
31.62   31.1684   5.58286
31.64   38.6395   6.21607
31.66   50.2785   7.09074
31.68   69.5316   8.33856
31.7   102.215   10.1101
31.72   155.903   12.4861
31.74   235.218   15.3368
31.76   323.907   17.9974
31.78   358.652   18.9381
31.8   300.258   17.328
31.82   209.697   14.4809
31.84   137.206   11.7135
31.86   89.9564   9.48453
31.88   61.5114   7.84292
31.9   44.5774   6.67663
31.92   34.0334   5.83382
31.94   26.9935   5.19553
31.96   21.9972   4.69012
31.98   18.298   4.4
32   15.4776   4.4
32.02   13.278   4.4
32.04   11.5295   4.4
32.06   10.1166   4.4
32.08   8.95827   4.4
32.1   7.99643   4.4
32.12   7.18864   4.4
32.14   6.50332   4.4
32.16   5.91657   4.4
32.18   5.41009   4.4
32.2   4.96962   4.4
32.22   4.58396   4.4
32.24   4.29137   4.4
32.26   4.02999   4.4
32.28   3.76439   4.4
32.3   3.2964   4.4
32.32   3.08955   4.4
32.34   2.90361   4.4
32.36   2.73589   4.4
32.38   2.58412   4.4
32.4   2.44639   4.4
32.42   2.32107   4.4
32.44   2.20679   4.4
32.46   2.10235   4.4
32.48   2.00673   4.4
32.5   1.91906   4.4
32.52   2.38135   4.4
32.54   2.32271   4.4
32.56   2.27069   4.4
32.58   2.22483   4.4
32.6   2.18477   4.4
32.62   1.93058   4.4
32.64   2.24845   4.4
32.66   2.23926   4.4
32.68   2.14139   4.4
32.7   2.14492   4.4
32.72   2.15353   4.4
32.74   2.16742   4.4
32.76   2.18694   4.4
32.78   2.21267   4.4
32.8   2.24566   4.4
32.82   2.28784   4.4
32.84   2.34306   4.4
32.86   2.4186   4.4
32.88   2.52626   4.4
32.9   2.68038   4.4
32.92   2.88644   4.4
32.94   3.1008   4.4
32.96   3.19547   4.4
32.98   3.13271   4.4
33   3.04048   4.4
33.02   2.99543   4.4
33.04   3.0035   4.4
33.06   3.05212   4.4
33.08   3.47981   4.4
33.1   3.58679   4.4
33.12   3.71067   4.4
33.14   3.85017   4.4
33.16   4.00532   4.4
33.18   4.17693   4.4
33.2   4.36629   4.4
33.22   4.57556   4.4
33.24   4.46172   4.4
33.26   4.72605   4.4
33.28   5.01786   4.4
33.3   5.34128   4.4
33.32   5.74459   4.4
33.34   6.14889   4.4
33.36   7.07918   4.4
33.38   7.61168   4.4
33.4   8.2158   4.4
33.42   8.91138   4.4
33.44   9.72117   4.4
33.46   10.6764   4.4
33.48   11.8211   4.4
33.5   13.2197   4.4
33.52   14.9727   4.4
33.54   17.2512   4.4
33.56   20.376   4.51398
33.58   24.9632   4.99632
33.6   32.1014   5.66581
33.62   43.3826   6.58655
33.64   60.3397   7.76786
33.66   82.1646   9.06447
33.68   99.655   9.98274
33.7   101.285   10.064
33.72   88.2439   9.39382
33.74   72.564   8.51845
33.76   62.4421   7.90203
33.78   59.0766   7.68613
33.8   61.6481   7.85163
33.82   69.5963   8.34244
33.84   84.055   9.16815
33.86   108.575   10.4199
33.88   150.31   12.2601
33.9   220.158   14.8377
33.92   329.095   18.141
33.94   472.091   21.7276
33.96   584.6   24.1785
33.98   564.489   23.759
34   451.975   21.2597
34.02   357.717   18.9134
34.04   323.37   17.9825
34.06   348.15   18.6588
34.08   402.482   20.062
34.1   412.86   20.319
34.12   339.886   18.436
34.14   243.003   15.5885
34.16   167.471   12.941
34.18   118.24   10.8738
34.2   88.3147   9.39759
34.22   70.3528   8.38766
34.24   59.22   7.69545
34.26   52.1091   7.21866
34.28   47.6035   6.89953
34.3   45.0173   6.70949
34.32   44.0367   6.63601
34.34   44.5807   6.67688
34.36   46.7758   6.83928
34.38   51.0212   7.14291
34.4   58.2078   7.6294
34.42   70.292   8.38403
34.44   90.826   9.53027
34.46   126.007   11.2253
34.48   183.507   13.5465
34.5   266.939   16.3383
34.52   355.49   18.8544
34.54   381.596   19.5345
34.56   317.439   17.8168
34.58   229.968   15.1647
34.6   164.177   12.8132
34.62   124.905   11.1761
34.64   105.983   10.2948
34.66   101.634   10.0814
34.68   109.64   10.4709
34.7   132.258   11.5004
34.72   176.275   13.2769
34.74   250.719   15.8341
34.76   358.14   18.9246
34.78   475.911   21.8154
34.8   530.556   23.0338
34.82   458.949   21.4231
34.84   330.571   18.1816
34.86   223.174   14.939
34.88   152.366   12.3437
34.9   110.159   10.4957
34.92   86.1717   9.28287
34.94   72.9608   8.54171
34.96   66.5399   8.1572
34.98   65.551   8.09636
35   70.6648   8.40623
35.02   84.5116   9.19302
35.04   111.297   10.5497
35.06   154.878   12.445
35.08   210.549   14.5103
35.1   246.366   15.6961
35.12   223.786   14.9595
35.14   167.841   12.9553
35.16   119.035   10.9103
35.18   88.4143   9.40289
35.2   74.2429   8.61643
35.22   73.1703   8.55396
35.24   81.7706   9.04271
35.26   92.2769   9.60609
35.28   89.7671   9.47455
35.3   72.0827   8.49016
35.32   52.6814   7.25819
35.34   38.4721   6.20259
35.36   29.1021   5.39463
35.38   23.2461   4.82142
35.4   19.5215   4.41831
35.42   17.0275   4.4
35.44   14.7516   4.4
35.46   13.5055   4.4
35.48   12.6278   4.4
35.5   12.0572   4.4
35.52   11.7742   4.4
35.54   11.8021   4.4
35.56   11.8918   4.4
35.58   12.9349   4.4
35.6   14.9793   4.4
35.62   18.6263   4.4
35.64   24.4932   4.94907
35.66   32.3588   5.68848
35.68   38.7791   6.22728
35.7   37.9929   6.16384
35.72   31.8815   5.64637
35.74   26.5832   5.15589
35.76   24.6412   4.96399
35.78   26.7845   5.17538
35.8   33.791   5.813
35.82   46.5082   6.81969
35.84   63.9246   7.99529
35.86   76.6117   8.75281
35.88   71.3572   8.44732
35.9   53.7778   7.33334
35.92   37.0797   6.08931
35.94   25.5338   5.0531
35.96   18.4187   4.4
35.98   14.202   4.4
36   11.3123   4.4
36.02   9.70952   4.4
36.04   8.65541   4.4
36.06   7.9636   4.4
36.08   7.54333   4.4
36.1   7.35603   4.4
36.12   7.40528   4.4
36.14   7.74964   4.4
36.16   8.5341   4.4
36.18   10.02   4.4
36.2   12.5619   4.4
36.22   16.3985   4.4
36.24   20.8232   4.56325
36.26   22.7324   4.76785
36.28   21.5847   4.64593
36.3   19.5004   4.41592
36.32   18.1181   4.4
36.34   17.4892   4.4
36.36   16.4112   4.4
36.38   14.8299   4.4
36.4   14.0632   4.4
36.42   14.9117   4.4
36.44   17.715   4.4
36.46   22.4055   4.73344
36.48   27.3065   5.22556
36.5   28.2935   5.31916
36.52   24.6166   4.96151
36.54   20.3334   4.50925
36.56   17.6508   4.4
36.58   16.5349   4.4
36.6   17.1436   4.4
36.62   19.1007   4.4
36.64   22.5854   4.75241
36.66   28.3268   5.32229
36.68   37.9657   6.16163
36.7   54.4472   7.37883
36.72   81.8588   9.04758
36.74   123.419   11.1094
36.76   173.306   13.1646
36.78   200.806   14.1706
36.8   176.167   13.2728
36.82   126.542   11.2491
36.84   84.3016   9.18159
36.86   56.2444   7.49963
36.88   39.3492   6.27289
36.9   29.4794   5.4295
36.92   23.5791   4.85583
36.94   19.8793   4.45862
36.96   17.4837   4.4
36.98   15.9484   4.4
37   15.0421   4.4
37.02   14.6399   4.4
37.04   14.6807   4.4
37.06   15.1507   4.4
37.08   16.0786   4.4
37.1   17.5397   4.4
37.12   19.7502   4.44412
37.14   22.7867   4.77354
37.16   27.1023   5.20599
37.18   33.5165   5.78934
37.2   43.5006   6.5955
37.22   59.9016   7.73961
37.24   87.4096   9.34931
37.26   131.993   11.4888
37.28   196.599   14.0214
37.3   266.351   16.3203
37.32   298.985   17.2912
37.34   273.613   16.5413
37.36   210.27   14.5007
37.38   144.108   12.0045
37.4   95.5498   9.77496
37.42   64.8124   8.05062
37.44   46.3283   6.80649
37.46   35.1352   5.9275
37.48   28.0464   5.29588
37.5   23.3204   4.82912
37.52   20.0712   4.48009
37.54   17.8866   4.4
37.56   16.4431   4.4
37.58   15.6681   4.4
37.6   15.5491   4.4
37.62   16.1983   4.4
37.64   17.9391   4.4
37.66   21.4622   4.63273
37.68   27.9744   5.28908
37.7   39.0889   6.25212
37.72   55.835   7.47228
37.74   75.0178   8.66128
37.76   84.7225   9.20448
37.78   77.0395   8.77722
37.8   59.4008   7.70719
37.82   41.4829   6.44072
37.84   28.5803   5.34605
37.86   20.5183   4.52971
37.88   15.7773   4.4
37.9   13.0958   4.4
37.92   11.7503   4.4
37.94   11.4375   4.4
37.96   12.0159   4.4
37.98   13.0431   4.4
38   13.3769   4.4
38.02   12.1597   4.4
38.04   10.0386   4.4
38.06   8.10992   4.4
38.08   6.74962   4.4
38.1   5.87892   4.4
38.12   5.33897   4.4
38.14   5.005   4.4
38.16   4.80209   4.4
38.18   4.69191   4.4
38.2   4.65489   4.4
38.22   4.67395   4.4
38.24   4.53562   4.4
38.26   4.62614   4.4
38.28   4.77175   4.4
38.3   4.98966   4.4
38.32   5.29279   4.4
38.34   5.69844   4.4
38.36   6.23341   4.4
38.38   6.93954   4.4
38.4   7.88298   4.4
38.42   9.17431   4.4
38.44   11.0166   4.4
38.46   13.9753   4.4
38.48   18.5074   4.4
38.5   26.0913   5.10796
38.52   38.457   6.20137
38.54   56.7056   7.53031
38.56   77.3197   8.79316
38.58   86.0767   9.27775
38.6   73.6377   8.58124
38.62   53.6723   7.32614
38.64   37.9494   6.16031
38.66   28.3995   5.32912
38.68   23.9597   4.89486
38.7   23.3661   4.83385
38.72   26.1259   5.11135
38.74   31.7965   5.63884
38.76   38.0708   6.17016
38.78   39.1663   6.2583
38.8   33.2381   5.76525
38.82   26.5122   5.149
38.84   21.9888   4.68922
38.86   20.0443   4.47708
38.88   20.4637   4.52368
38.9   23.3311   4.83023
38.92   29.1752   5.40141
38.94   38.5238   6.20676
38.96   50.1027   7.07832
38.98   57.2937   7.56926
39   53.6644   7.3256
39.02   45.1269   6.71765
39.04   38.9192   6.23852
39.06   36.8476   6.07022
39.08   38.7659   6.22623
39.1   44.6693   6.68351
39.12   55.5919   7.456
39.14   74.4353   8.62759
39.16   106.92   10.3402
39.18   161.189   12.696
39.2   243.287   15.5976
39.22   340.324   18.4479
39.24   389.735   19.7417
39.26   337.228   18.3638
39.28   239.735   15.4834
39.3   158.278   12.5809
39.32   104.617   10.2283
39.34   72.6607   8.52413
39.36   54.5866   7.38827
39.38   44.8006   6.69333
39.4   40.0068   6.3251
39.42   37.5597   6.1286
39.44   34.0602   5.83611
39.46   28.4627   5.33504
39.48   22.9901   4.7948
39.5   18.8592   4.4
39.52   16.0204   4.4
39.54   14.1248   4.4
39.56   12.8654   4.4
39.58   12.0404   4.4
39.6   11.54   4.4
39.62   11.3133   4.4
39.64   11.3457   4.4
39.66   11.6487   4.4
39.68   12.2601   4.4
39.7   13.2509   4.4
39.72   14.7425   4.4
39.74   17.0118   4.4
39.76   20.3213   4.50792
39.78   25.5224   5.05197
39.8   34.1516   5.84394
39.82   48.8275   6.98767
39.84   73.0207   8.54522
39.86   109.046   10.4425
39.88   150.278   12.2588
39.9   168.57   12.9834
39.92   143.842   11.9934
39.94   102.778   10.138
39.96   69.6742   8.34711
39.98   48.5776   6.96976
40   36.8912   6.07381
40.02   31.7235   5.63236
40.04   31.4512   5.60813
40.06   36.0807   6.00672
40.08   45.8708   6.7728
40.1   59.101   7.68772
40.12   66.928   8.18095
40.14   59.5239   7.71517
40.16   43.9047   6.62606
40.18   30.2357   5.4987
40.2   20.9304   4.57498
40.22   15.1442   4.4
40.24   11.6089   4.4
40.26   9.35418   4.4
40.28   7.83902   4.4
40.3   6.75625   4.4
40.32   5.93974   4.4
40.34   5.27077   4.4
40.36   4.696   4.4
40.38   4.21576   4.4
40.4   3.82268   4.4
40.42   3.81179   4.4
40.44   3.51117   4.4
40.46   3.29588   4.4
40.48   3.11452   4.4
40.5   2.96083   4.4
40.52   2.83027   4.4
40.54   2.71947   4.4
40.56   2.62585   4.4
40.58   2.54743   4.4
40.6   2.48269   4.4
40.62   2.42971   4.4
40.64   2.38919   4.4
40.66   2.35975   4.4
40.68   2.34107   4.4
40.7   2.09832   4.4
40.72   2.11498   4.4
40.74   2.14331   4.4
40.76   2.18242   4.4
40.78   2.23402   4.4
40.8   2.40679   4.4
40.82   2.49071   4.4
40.84   2.59263   4.4
40.86   2.7156   4.4
40.88   2.86364   4.4
40.9   3.04211   4.4
40.92   3.24612   4.4
40.94   3.50994   4.4
40.96   3.83472   4.4
40.98   4.23961   4.4
41   4.75233   4.4
41.02   5.41423   4.4
41.04   6.29012   4.4
41.06   7.49011   4.4
41.08   9.22163   4.4
41.1   11.8983   4.4
41.12   16.3025   4.4
41.14   23.6871   4.86694
41.16   35.5301   5.96071
41.18   52.2099   7.22564
41.2   68.5063   8.27685
41.22   70.724   8.40976
41.24   56.426   7.51172
41.26   39.279   6.2673
41.28   26.5643   5.15405
41.3   18.5761   4.4
41.32   13.8986   4.4
41.34   11.1934   4.4
41.36   9.4244   4.4
41.38   8.43858   4.4
41.4   7.83815   4.4
41.42   7.73638   4.4
41.44   7.61161   4.4
41.46   7.65432   4.4
41.48   7.84736   4.4
41.5   8.18726   4.4
41.52   8.72307   4.4
41.54   9.39893   4.4
41.56   10.2984   4.4
41.58   11.4473   4.4
41.6   13.1167   4.4
41.62   15.5137   4.4
41.64   19.0233   4.4
41.66   24.0358   4.90263
41.68   30.4344   5.51673
41.7   36.3132   6.02604
41.72   39.1049   6.25339
41.74   40.8073   6.38806
41.76   45.3499   6.73423
41.78   55.5455   7.45288
41.8   74.9365   8.65659
41.82   109.111   10.4456
41.84   164.723   12.8344
41.86   243.101   15.5917
41.88   318.691   17.8519
41.9   327.025   18.0838
41.92   259.239   16.1009
41.94   179.767   13.4077
41.96   121.694   11.0315
41.98   86.1507   9.28174
42   66.7435   8.16967
42.02   57.8086   7.60319
42.04   56.4066   7.51043
42.06   62.3525   7.89636
42.08   77.4535   8.80077
42.1   103.841   10.1902
42.12   138.96   11.7881
42.14   164.04   12.8078
42.16   154.98   12.4491
42.18   126.842   11.2624
42.2   106.907   10.3396
42.22   104.487   10.2219
42.24   117.997   10.8626
42.26   134.139   11.5818
42.28   128.22   11.3234
42.3   99.7039   9.98518
42.32   70.091   8.37204
42.34   48.6948   6.97817
42.36   35.086   5.92334
42.38   26.79   5.1759
42.4   21.6536   4.65335
42.42   18.3044   4.4
42.44   16.003   4.4
42.46   14.3741   4.4
42.48   13.2189   4.4
42.5   12.4233   4.4
42.52   11.9199   4.4
42.54   11.6713   4.4
42.56   11.6635   4.4
42.58   11.9048   4.4
42.6   12.4277   4.4
42.62   13.2909   4.4
42.64   14.574   4.4
42.66   16.3552   4.4
42.68   18.5929   4.4
42.7   21.2929   4.61443
42.72   25.1334   5.01332
42.74   31.0817   5.5751
42.76   40.7979   6.38733
42.78   57.1713   7.56117
42.8   84.5222   9.1936
42.82   127.218   11.2791
42.84   183.273   13.5378
42.86   229.886   15.162
42.88   230.849   15.1937
42.9   187.407   13.6897
42.92   138.402   11.7644
42.94   106.249   10.3077
42.96   90.096   9.49189
42.98   78.0056   8.83208
43   61.5561   7.84577
43.02   45.0645   6.71301
43.04   32.7015   5.71853
43.06   24.3743   4.93703
43.08   18.944   4.4
43.1   15.3383   4.4
43.12   12.8267   4.4
43.14   10.9841   4.4
43.16   9.5783   4.4
43.18   8.46221   4.4
43.2   7.58588   4.4
43.22   6.87855   4.4
43.24   6.30344   4.4
43.26   5.83406   4.4
43.28   5.45141   4.4
43.3   5.14186   4.4
43.32   4.89581   4.4
43.34   4.70689   4.4
43.36   4.57145   4.4
43.38   4.18363   4.4
43.4   4.16261   4.4
43.42   4.20005   4.4
43.44   4.30485   4.4
43.46   4.49197   4.4
43.48   4.78633   4.4
43.5   5.23097   4.4
43.52   6.15543   4.4
43.54   7.19056   4.4
43.56   8.85998   4.4
43.58   11.311   4.4
43.6   14.8844   4.4
43.62   19.4357   4.40859
43.64   25.1482   5.01479
43.66   33.0383   5.7479
43.68   43.4863   6.59442
43.7   51.261   7.15968
43.72   49.9406   7.06687
43.74   43.5342   6.59804
43.76   35.7789   5.98155
43.78   26.8789   5.18449
43.8   19.0452   4.4
43.82   13.609   4.4
43.84   10.1921   4.4
43.86   8.10784   4.4
43.88   6.84766   4.4
43.9   6.05138   4.4
43.92   5.5608   4.4
43.94   5.29009   4.4
43.96   5.20446   4.4
43.98   5.30614   4.4
44   5.641   4.4
44.02   6.3218   4.4
44.04   7.55441   4.4
44.06   9.63151   4.4
44.08   12.8441   4.4
44.1   16.7336   4.4
44.12   19.6068   4.42795
44.14   20.5123   4.52905
44.16   20.2511   4.50012
44.18   18.0973   4.4
44.2   14.5722   4.4
44.22   11.6181   4.4
44.24   9.84908   4.4
44.26   9.10331   4.4
44.28   9.14204   4.4
44.3   9.85493   4.4
44.32   11.2407   4.4
44.34   13.7459   4.4
44.36   18.2931   4.4
44.38   25.8454   5.08384
44.4   37.3783   6.11378
44.42   51.7802   7.19585
44.44   61.8072   7.86176
44.46   60.6912   7.79045
44.48   55.3001   7.43641
44.5   51.4465   7.17262
44.52   45.1256   6.71756
44.54   34.945   5.91143
44.56   25.5896   5.05861
44.58   19.1634   4.4
44.6   15.3049   4.4
44.62   13.2107   4.4
44.64   12.2021   4.4
44.66   11.7662   4.4
44.68   11.6238   4.4
44.7   11.7924   4.4
44.72   12.3404   4.4
44.74   13.3035   4.4
44.76   14.7325   4.4
44.78   16.7945   4.4
44.8   19.5288   4.41914
44.82   23.2819   4.82513
44.84   28.57   5.34509
44.86   36.3706   6.0308
44.88   48.6209   6.97287
44.9   68.9107   8.30125
44.92   102.897   10.1438
44.94   156.811   12.5224
44.96   231.124   15.2028
44.98   299.932   17.3186
45   310.72   17.6273
45.02   263.789   16.2416
45.04   197.245   14.0444
45.06   135.505   11.6407
45.08   91.1033   9.54481
45.1   63.3874   7.96162
45.12   47.1788   6.86869
45.14   38.1034   6.17279
45.16   33.209   5.76272
45.18   30.1167   5.48787
45.2   26.6196   5.15942
45.22   22.8724   4.78251
45.24   20.2713   4.50237
45.26   19.398   4.40432
45.28   20.4649   4.52382
45.3   23.4233   4.83976
45.32   27.0309   5.19913
45.34   27.7394   5.26683
45.36   24.1118   4.91037
45.38   19.5623   4.42293
45.4   16.4127   4.4
45.42   15.0243   4.4
45.44   15.351   4.4
45.46   17.6099   4.4
45.48   22.5393   4.74755
45.5   30.8236   5.5519
45.52   42.6465   6.53043
45.54   53.0026   7.28029
45.56   53.2064   7.29427
45.58   44.8353   6.69592
45.6   37.297   6.10713
45.62   33.4671   5.78508
45.64   30.1548   5.49134
45.66   24.4167   4.94133
45.68   18.2906   4.4
45.7   13.6489   4.4
45.72   10.5857   4.4
45.74   8.65779   4.4
45.76   7.4423   4.4
45.78   6.65011   4.4
45.8   6.11525   4.4
45.82   5.74999   4.4
45.84   5.50738   4.4
45.86   5.36072   4.4
45.88   5.29435   4.4
45.9   5.25167   4.4
45.92   5.32641   4.4
45.94   5.47126   4.4
45.96   5.68904   4.4
45.98   6.00253   4.4
46   6.37673   4.4
46.02   6.90132   4.4
46.04   7.58347   4.4
46.06   8.47574   4.4
46.08   9.66057   4.4
46.1   11.2776   4.4
46.12   13.5867   4.4
46.14   17.0997   4.4
46.16   22.7597   4.77071
46.18   32.0383   5.66024
46.2   46.6082   6.82702
46.22   66.6653   8.16488
46.24   85.6442   9.25442
46.26   89.205   9.44484
46.28   77.8978   8.82597
46.3   67.0862   8.19062
46.32   65.1044   8.06873
46.34   71.6306   8.46348
46.36   78.2662   8.84682
46.38   73.9025   8.59665
46.4   61.9304   7.86958
46.42   52.8531   7.27001
46.44   51.7317   7.19247
46.46   59.968   7.7439
46.48   76.7806   8.76246
46.5   95.8081   9.78816
46.52   99.2869   9.96428
46.54   81.7628   9.04228
46.56   59.9898   7.74531
46.58   44.4315   6.66569
46.6   36.1112   6.00926
46.62   33.3952   5.77886
46.64   33.6142   5.79777
46.66   32.7127   5.7195
46.68   29.0199   5.38702
46.7   25.2228   5.02223
46.72   22.8706   4.78232
46.74   22.2383   4.71575
46.76   23.1345   4.80983
46.78   25.4793   5.0477
46.8   29.4537   5.42713
46.82   35.7697   5.98077
46.84   45.9357   6.77758
46.86   62.9887   7.93655
46.88   92.0423   9.59387
46.9   139.665   11.818
46.92   209.442   14.4721
46.94   285.961   16.9104
46.96   315.239   17.755
46.98   265.428   16.292
47   186.973   13.6738
47.02   123.591   11.1171
47.04   82.1892   9.06583
47.06   57.6399   7.59209
47.08   43.816   6.61937
47.1   36.4455   6.03701
47.12   33.0285   5.74704
47.14   31.2722   5.59215
47.16   28.2102   5.31133
47.18   23.3085   4.82789
47.2   18.6361   4.4
47.22   15.1511   4.4
47.24   12.772   4.4
47.26   11.2042   4.4
47.28   10.2083   4.4
47.3   9.66507   4.4
47.32   9.58423   4.4
47.34   10.0994   4.4
47.36   11.4295   4.4
47.38   13.7089   4.4
47.4   16.5557   4.4
47.42   18.2249   4.4
47.44   16.7775   4.4
47.46   13.436   4.4
47.48   10.4403   4.4
47.5   8.41021   4.4
47.52   7.18748   4.4
47.54   6.54019   4.4
47.56   6.18141   4.4
47.58   6.17771   4.4
47.6   6.18209   4.4
47.62   6.31283   4.4
47.64   6.57383   4.4
47.66   6.98322   4.4
47.68   7.58084   4.4
47.7   8.44329   4.4
47.72   9.71334   4.4
47.74   11.5744   4.4
47.76   14.5538   4.4
47.78   19.1026   4.4
47.8   25.417   5.04153
47.82   32.6869   5.71725
47.84   40.102   6.33261
47.86   46.9507   6.85206
47.88   48.8872   6.99194
47.9   46.4572   6.81595
47.92   46.2474   6.80054
47.94   51.4245   7.17109
47.96   62.9397   7.93345
47.98   81.6471   9.03588
48   101.204   10.06
48.02   104.521   10.2235
48.04   89.5285   9.46195
48.06   74.8598   8.65216
48.08   71.3946   8.44953
48.1   81.2026   9.01125
48.12   100.654   10.0326
48.14   114.3   10.6911
48.16   103.076   10.1526
48.18   76.5525   8.74943
48.2   52.9392   7.27594
48.22   37.0957   6.09062
48.24   27.3784   5.23244
48.26   21.0333   4.5862
48.28   16.5084   4.4
48.3   13.3026   4.4
48.32   11.0549   4.4
48.34   9.46943   4.4
48.36   8.34991   4.4
48.38   7.55911   4.4
48.4   7.0267   4.4
48.42   6.51272   4.4
48.44   6.36699   4.4
48.46   6.45443   4.4
48.48   6.43636   4.4
48.5   6.10824   4.4
48.52   5.68612   4.4
48.54   5.38932   4.4
48.56   5.2585   4.4
48.58   5.27326   4.4
48.6   5.42967   4.4
48.62   5.6806   4.4
48.64   6.03907   4.4
48.66   6.54751   4.4
48.68   7.23276   4.4
48.7   8.15968   4.4
48.72   9.44543   4.4
48.74   11.3277   4.4
48.76   14.2022   4.4
48.78   18.7705   4.4
48.8   25.9057   5.08976
48.82   36.0938   6.00781
48.84   47.3283   6.87956
48.86   52.734   7.26182
48.88   49.6496   7.04625
48.9   45.8816   6.7736
48.92   47.8868   6.92003
48.94   58.8908   7.67403
48.96   82.0341   9.05727
48.98   119.51   10.9321
49   165.48   12.8639
49.02   193.846   13.9229
49.04   176.511   13.2857
49.06   130.839   11.4385
49.08   88.4621   9.40543
49.1   58.8769   7.67313
49.12   40.6183   6.37325
49.14   30.1164   5.48784
49.16   24.4424   4.94392
49.18   21.8067   4.66977
49.2   20.9118   4.57294
49.22   19.8347   4.45361
49.24   16.9871   4.4
49.26   13.4384   4.4
49.28   10.5017   4.4
49.3   8.41343   4.4
49.32   6.97693   4.4
49.34   5.97151   4.4
49.36   5.20719   4.4
49.38   4.64263   4.4
49.4   4.18825   4.4
49.42   3.82592   4.4
49.44   3.52979   4.4
49.46   3.28699   4.4
49.48   3.08869   4.4
49.5   2.84635   4.4
49.52   2.72365   4.4
49.54   2.63428   4.4
49.56   2.57918   4.4
49.58   2.56198   4.4
49.6   2.58881   4.4
49.62   2.56961   4.4
49.64   2.69851   4.4
49.66   2.86715   4.4
49.68   3.11008   4.4
49.7   3.52763   4.4
49.72   4.26923   4.4
49.74   5.56937   4.4
49.76   7.70929   4.4
49.78   10.8217   4.4
49.8   14.1429   4.4
49.82   15.2263   4.4
49.84   12.9661   4.4
49.86   9.73154   4.4
49.88   7.27646   4.4
49.9   5.83865   4.4
49.92   5.20696   4.4
49.94   5.18391   4.4
49.96   5.73196   4.4
49.98   7.01015   4.4
50   9.36042   4.4
